192798
79034
10413
439230
20975673
5275508
8117
7501
441445
46173990
46173248
19756
25244229
167717
5281158
92042781
446834
1050
441796
5281763
7768
146167
657272
442416
4171
3672
442261
304599
440386
135437
85154
5426
33474
4455
326
31343
9862
442769
4943
11799
10760
439864
439516
10209
6328134
442916
29719
20056682
688492
127864
5281124
91458
348162
6853
164950
17190
440096
443337
5489029
89644
5280696
16070001
6452294
7499
5200
85782
34633
637775
14335
13666
68252
11915
5911
5371002
75048
69925
800
440126
86102
5281166
173651
442206
854067
5312508
1489
439216
11236
5796
186059
46174042
91701
440168
161120
3050259
4659569
5281372
21319
167937
1195
254
442119
5281159
163913
3229
20218
9543071
439287
62020
6324617
221071
68759
46173869
2477
96356
76739
8400
8404
1150
5281201
5280417
7057
24883455
24971
5462194
5578
64139
10037499
5326566
7406
68433
906426
440217
439241
152946
9548637
6336010
643733
122841
68231
5961
7034
5280505
161538
439898
8905
93017
88363
29354
440867
160539
587
667639
164695
33032
31229
46173811
4990
145742
3291
1047
11831
5270647
439435
1549098
3026336
119269
3034285
3035026
130
94214
121893
9502
441833
440341
6049
25244947
445937
8246
91591
5281790
6452133
442420
10365832
442988
439227
440869
9294
442670
443489
643731
440728
5280559
440920
440138
644213
10249
11349616
5280460
51399546
46093
5610
16498
442586
11953814
6917
2880
73323
190
155169
135538
146903
439556
442642
442372
6050
442255
7965
439274
22266653
10786
182378
201408
6857424
439383
23724544
5281637
40087
4055
36733
161276
74839
442923
11953939
5284583
34766
68712
20111686
24436
43359
127293
1216
27867
159278
440936
8550
18503
72734288
46174023
114703
11782294
23724665
134025
14132344
1549103
10400039
439280
1081
439646
7102
70652
440073
5879
19069
998
442349
440297
443631
32253
39
440163
5281778
51291
5360043
15604135
16048618
12035
5280378
443851
33743
442503
6802
8800
6223
440898
487
112203
656765
6558
439316
5282054
93341
5280648
5281888
19493
439356
24892745
69698
439774
13542
25447
27476
36294
94176
76292
1662
5280598
5462190
38521
171
441328
10935
442632
441860
44123380
6088
12491370
453619
14621415
18752
7809
22819
440004
14210
15546
62348
440333
5281867
5282109
439176
5282156
1188
155942
440395
46174014
48
162933
4784
119521
83833
7653
66065
997
439351
12377
1826
3317081
181804
5280647
681
2486
5111791
6337945
71448932
3347
439541
4737
439155
13711
58
102336
151483
69520
440051
65086
442263
441300
87691
352294
6406
440046
442357
5281162
442789
86210
228215
12580
6438394
2358
25246415
127
11954176
774
1045
107864
54675827
1102
5315669
9750
558
18096
439472
8158
4970
1549095
442854
46173889
114833
439182
24705
18189
83852
46878410
24798720
3341
86
13462
12736
65065
802
24141
166768
16126799
9576037
442799
5281601
440020
71
46173868
780
5910
188803
73413
6991994
979
198695
23724749
11948668
135313
3082376
150946
19734156
1673
128888
19034555
3342
5280666
5280462
10753985
35717
5936
27689
7405
15459
5281776
936
3794534
5378303
5280933
5281293
442611
8461
444539
10250
443080
10313378
235905
65040
15096
8530
123985
1131
440055
1493
54683777
100275
5202
60961
63224
13712
5281524
1021
31477
439790
5960
122087
2236
594
445027
1123
151244
81437
73000
443231
1786
447083
4195
4076
441155
11132470
439780
1145
61899
10522005
10559369
439338
7127
6175
3042313
93072
5479537
23663972
445395
161166
54726727
192833
117
21872870
7408
84298
441744
5280443
439788
65958
9570206
6211
6163
93225
4583
4845
4735
10666
25137931
5280372
5280719
440784
129803
107849
5282108
439605
3100
442180
6914273
4033
126041
656816
24883456
448580
92136
1076
5281207
29393
441151
98222
132680
11318
99613
89
46173963
7784
25010757
440569
70914
5459971
3721046
5280883
443388
5460588
443418
6140
68257
54675759
6137
5459937
9198
5462416
107541
11128
439852
5461147
6930705
5459789
4755
3690
64959
7293
3505109
4488
6057
439866
1135
750
441961
5002
18950
1615
38945
119104
24892796
92433
184887
441123
71968
91679
68085
4192
473
68499
7447
13387
66095
10436
160433
171548
445354
7922
119133
16073
7289
3157
8789
6448437
18327169
5280569
19003
66308
1140
442166
22197
440173
8742
442418
637758
23724732
185071
6305
440294
597
5281163
5281860
9548691
10690
91528
10659
955
1141
21470
439246
9223
370
5280459
1549018
6579
5699
7515
442998
442106
441794
71485
442637
3035199
440159
1014
325700
6540
6857383
75704
11949595
89594
77093
91754
441781
73067
443000
16061034
11671
13026
6543
16623
337601
7967
33676
441170
6426851
44563198
5280533
1751484
4940
45485025
9085
14349
10658
10178
10023290
440847
61205
440189
453
3080635
62103
11439
5273568
47445
7576
151066
439717
213144
7618
588
3032309
68284
849
72259
243756
5281030
535
4463
163834
46878444
2735620
439903
5360621
7526
6995182
261000
159646
15553
54611
156777
111
158980
142752
6435894
126919
11953821
8051
1057
8194
26934
3032604
442878
8955
7823
11378442
247
803
656498
1221
1355
5281707
6839
188824
15091
442419
439661
123991
5280383
439235
266
586
2912
439964
168082
9543177
192878
637511
23663973
115121
11349
394146
8280
439428
4762
72724
6805
443396
441447
439915
72881
9552079
23694671
16058
5281130
32154
2479
10788
26623
439778
3463
35703
5284627
442173
14256
10168
24066
743
442077
496
318324
134601
15115
74300
3034465
21718008
4616
10065132
68271
9679
7157
439281
439990
9507
5281629
643757
24892801
11046097
122356
3964
1175
68213
160753
51710
442147
7207
254633
128
24771808
49859675
650
50599
27200
1136
649
782
250388
17513
3007
1046
7069
194953
5280441
18666812
96177
12785740
442663
21581287
25137912
1015
7955
46174030
5280695
5280500
439447
1054
119268
441125
6106
7098648
11137200
5281119
1174
72200
385
51
9543289
160464
6912
440599
442423
892
3016713
88708
10403174
42295
119055
46173972
35953
36339
25674
65689
17723
442061
5281395
9568055
439543
5460131
16950
8427
510
86786
12235228
13891
99289
11953795
17676
439332
440451
41648
71563406
5460069
21145110
52997
5793
439570
1060
10357552
5753
5746
3488
443635
24858868
11954100
46878441
97750
54675777
656979
5463137
1110
790
439232
65072
145858
464
25010752
24507
5748526
421
173699
44146921
5951
442631
2576
519382
794
1005
441083
5462519
5281143
442506
5459790
6452827
239
85259
439250
439318
11953829
6464
441075
92042779
8102
441965
9543248
85275
2153
446337
241
2216
11972301
25195328
81261
1032
10729
13017
5280366
12460
439476
469
92904
78168
71307451
5486800
74840
439881
792
194140
4754
115064
1052
273
20848
52922085
69602
16362
6054
31211
221812
996
11829464
22859863
443071
3083543
1049
6400629
5281534
182279
9570071
15643
440906
1132
10457
5280804
91619
193653
79437
440742
439919
6451137
10257
46878442
764
6103
441579
251872
690730
3899
637542
8424
5789
68368
108010
108172
25245427
11011465
6344
24203
441401
12542
440120
132448
77770
5326781
72304
96215
2680
2249229
16069998
261
441643
59725
5280450
6262
5460801
9034
189661
500
7000
194156
4479887
25200557
440630
6770
763
66895
5816
36383
8113
4173
151187
119404
227
34469
75626
5458468
5281160
10911986
64969
6322
17748
16323
31357
10434
5281371
56927962
445629
6441870
2526
115314
8143
137
440593
454
1017
6508
5281740
5403
11954136
4915
151228
8405
4485
91741
56206
107754
7107
4098
238498
54678503
439462
54675753
6926
21
11954071
7945
6465
4178
439358
6009
7463
439612
5281213
75619
41368
240071
3762
441306
161557
10785
83831
9543061
12565
16760658
49852441
54693278
442360
5284474
440000
95075
159088
5866
11954205
72319
5462471
221493
249877
93362
33037
442387
5280818
17756753
443037
10007
6321196
5281647
5281760
2303
7254
442237
597195
10706137
126950
6115
798
8452
228810
4650
164795
73094
440150
2724
92283
440188
2244
5801
7991
9793905
9833951
25202224
10198
107807
102926
444795
443292
46173893
5280472
9877911
56928084
69507
29697
6559
65407
445154
240
2331
445404
442636
3417835
244
5280820
10110
440187
6274
243
176630
135
5962
670
25201132
10144
92042784
439361
25244469
33741
23675735
3037919
972
10243361
441320
439694
4931
5459798
1030
66494
31099
151011
5280625
25572
193187
5281559
440915
16
17531
64961
14989
153367
7533
638186
25203618
68294649
62258
654
2726
41322
7361
6817
17533
5460362
47346
5460375
5281816
5281514
4935
91751
5391
440736
83553
5281976
14608351
441789
24450
53297442
441436
65115
439167
442538
16115
124021
64956
73172
53518
5460449
439401
38078
122850
3037
73604
6999783
96118
69160
4058
6287
70
5460056
5280373
160505
5460151
5994
439960
9858729
289
5280406
5281745
5280703
5482
165271
115015
23665888
39385
104150
5280640
5459830
20849110
10953
160705
5281625
441491
2762
442541
10836
8776
81399
93556
5280847
2519
66166
150856
14345197
6288
5921
5245705
248906
281241
5280653
26454
26447
13566
108214
753
5280371
60773
89954
5282253
49
70364
16007
5281772
25641
46173720
99456
439233
54678486
288
24798681
5281813
3023
7894
12456
5280642
5281631
445262
68374
54693473
3607071
11526601
88299
3080609
688084
6194
16212118
39681
777
11096
2537
27944
8663
24892804
5353
97588
1794427
439918
980
50990930
440473
11740990
439775
444972
439310
7966
5280445
5281117
